enigma_part3

timing : 10.5
area : 29928.078668
PI = 3.14244 * 10^5